,run,runid,totalgencrimes,successful,prevented,robberies,pickpocketing,successfulrobberies,successfulpickpocketing,psuccessful,pprevented,probberies,ppickpocketing,psuccessfulrobberies,psuccessfulpickpocketing,crs,days,lenstep,startdatetime,nummovers,dayactstart,dayactend,nsteps,PoliceAgentpagents,Pickpocketpagents,Robberpagents,Workerpagents,meanrestingstarttimeResident,sdrestingstarttimeResident,meanrestingendtimeResident,sdrestingendtimeResident,meanworkstarttimeWorker,sdworkstarttimeWorker,minworkstarttimeWorker,meanworkendtimeWorker,sdworkendtimeWorker,maxworkendtimeWorker,meanselfdefenceWorker,sdselfdefenceWorker,pinformationWorker,pinformationPoliceAgent,actdecisionrulePoliceAgent,opportunityawarenessCriminal,crowdeffectCriminal,pinformationCriminal,actdecisionrulePickpocket,actdecisionruleRobber,crimerate,deviationhlower,deviationhupper,deviationhmean,deviationhotspotslower,deviationhotspotsupper,deviationcrimelower,deviationcrimeupper,deviationcrimemean,crimeraterobbery,crimeratepickpocketing,deviationcrimerate,ranking,actdecisionruleCriminal
0,1,f1f63388-93e3-47a7-9f12-89f3283cda9c,2,1,,,2.0,,,0.5,,0.0,1.0,,,epsg:7791,14,15,2020-01-01 05:30:00,100,8,19,1344,10.0,10.0,5.0,75.0,21.0,2.0,7.5,0.83,8.0,2.0,5.0,18.0,2.0,21.0,0.5,0.17,50.0,1.0,,200.0,1.0,1.0,1/np.log10(distance) * yesterday_visits * run_visits * mean_income * (1/yesterday_police) * (1/run_police),1/np.log10(distance) * (1/yesterday_visits) * (1/run_visits) * mean_income * (1/yesterday_police) * (1/run_police),52142.857142857145,0.67,1.33,1.0173820120338672,[1.7626931],[10.42417558],-140.14,239.64,49.752302017220245,2808,22685,26650,25.384842014627058,Logarithmic weighted distance
1,2,c1ce44ad-1af7-4c5f-bd0b-8af17c31bf15,14,8,14.0,10.0,4.0,,,0.5714285714285714,1.0,0.7142857142857143,0.2857142857142857,,,epsg:7791,3,15,2020-01-01 05:30:00,1000,8,19,288,2.0,4.0,8.0,86.0,21.0,2.0,7.5,0.83,8.0,2.0,5.0,18.0,2.0,21.0,0.5,0.17,50.0,1.0,,150.0,1.0,1.0,,,170333.33333333334,0.68,1.37,1.0173820120338672,[1.89341206],[10.55489454],65.02,222.07,143.5404899758424,2808,22685,144840,72.27893599393813,Linearly weighted distance
2,3,17800f9b-b4fd-477e-a551-794baa9b0c55,18,7,18.0,13.0,5.0,,,0.3888888888888889,1.0,0.7222222222222222,0.2777777777777778,,,epsg:7791,3,15,2020-01-01 05:30:00,1000,8,19,288,2.0,4.0,5.0,89.0,21.0,2.0,7.5,0.83,8.0,2.0,5.0,18.0,2.0,21.0,0.5,0.17,50.0,1.0,,150.0,1.0,1.0,,,219000.0,0.59,1.27,1.0173820120338672,[1.37387447],[10.67672587],96.15,216.39,156.26725247913706,2808,22685,193507,78.64231724558546,Linearly weighted distance
3,4,364e913c-d194-4206-91da-cc5a50c52125,13,8,13.0,6.0,7.0,,,0.6153846153846154,1.0,0.46153846153846156,0.5384615384615384,,,epsg:7791,3,15,2020-01-01 05:30:00,1000,8,19,288,2.0,4.0,2.0,92.0,21.0,2.0,7.5,0.83,8.0,2.0,5.0,18.0,2.0,21.0,0.5,0.17,50.0,1.0,,150.0,1.0,1.0,,,158166.66666666666,0.7,1.39,1.0173820120338672,[1.88370521],[10.54518768],93.55,226.48,160.0114347392822,2808,22685,132674,80.51440837565804,Linearly weighted distance
4,5,b155afc7-5669-4434-9cde-c7ba263b3422,26,19,26.0,3.0,23.0,,,0.7307692307692307,1.0,0.11538461538461539,0.8846153846153846,,,epsg:7791,3,15,2020-01-01 05:30:00,1000,8,19,288,2.0,14.0,2.0,82.0,21.0,2.0,7.5,0.83,8.0,2.0,5.0,18.0,2.0,21.0,0.5,0.17,50.0,1.0,,150.0,1.0,1.0,,,316333.3333333333,0.65,1.32,1.0173820120338672,[0.29073756],[11.04817791],142.04,232.95,187.49540029447138,2808,22685,290840,94.25639115325262,Linearly weighted distance
5,6,c52c9690-6efe-484b-ae9d-bbfd57bccd84,7,6,7.0,1.0,6.0,,,0.8571428571428571,1.0,0.14285714285714285,0.8571428571428571,,,epsg:7791,3,15,2020-01-01 05:30:00,1000,8,19,288,2.0,2.0,2.0,94.0,21.0,2.0,7.5,0.83,8.0,2.0,5.0,18.0,2.0,21.0,0.5,0.17,50.0,1.0,,150.0,1.0,1.0,,,85166.66666666667,0.69,1.35,1.0173820120338672,[0.49123068],[10.75996549],36.45,378.76,207.60391161591355,2808,22685,59674,104.3106468139737,Linearly weighted distance
6,7,451089e7-c8a7-482c-ae8d-9b817fc8caf3,13,8,13.0,6.0,7.0,,,0.6153846153846154,1.0,0.46153846153846156,0.5384615384615384,,,epsg:7791,2,15,2020-01-01 05:30:00,800,8,19,192,10.0,10.0,5.0,75.0,21.0,2.0,7.5,0.83,8.0,2.0,5.0,18.0,2.0,21.0,0.5,0.17,40.0,1.0,,150.0,1.0,1.0,1/np.log10(distance) * yesterday_visits * run_visits * mean_income * (1/yesterday_police) * (1/run_police),1/np.log10(distance) * (1/yesterday_visits) * (1/run_visits) * mean_income * (1/yesterday_police) * (1/run_police),296562.5,0.71,1.38,1.0173820120338672,[1.29780664],[10.63603674],143.07,300.63,221.85147120672113,2808,22685,271070,111.4344266093775,Logarithmic weighted distance
7,8,45fa79bc-7037-4960-b017-73dff1e4d8d3,20,8,,11.0,9.0,,,0.4,,0.55,0.45,,,epsg:7791,14,15,2020-01-01 05:30:00,600,8,19,1344,2.0,4.0,4.0,90.0,21.0,2.0,7.5,0.83,8.0,2.0,5.0,18.0,2.0,21.0,0.5,0.17,50.0,,,150.0,1.0,1.0,1/np.log10(distance) * yesterday_visits * run_visits * mean_income * (1/yesterday_police) * (1/run_police),1/np.log10(distance) * (1/yesterday_visits) * (1/run_visits) * mean_income * (1/yesterday_police) * (1/run_police),86904.76190476192,0.68,1.3,1.0173820120338672,[0.8799979],[9.82538931],144.73,301.4,223.06565415739237,2808,22685,61412,112.04151808471312,Logarithmic weighted distance
8,9,97eacfa5-d525-447c-ba81-83c3a11ae569,18,6,18.0,6.0,12.0,,,0.3333333333333333,1.0,0.3333333333333333,0.6666666666666666,,,epsg:7791,3,15,2020-01-01 05:30:00,1000,8,19,288,2.0,8.0,2.0,88.0,21.0,2.0,7.5,0.83,8.0,2.0,5.0,18.0,2.0,21.0,0.5,0.17,50.0,1.0,,150.0,1.0,1.0,,,219000.0,0.66,1.33,1.0173820120338672,[0.74540584],[10.83349639],167.19,291.68,229.43117270958177,2808,22685,193507,115.22427736080782,Linearly weighted distance
9,10,5800b706-63f2-4225-8df5-ed4fc6c9ca88,15,10,15.0,6.0,9.0,,,0.6666666666666666,1.0,0.4,0.6,,,epsg:7791,3,15,2020-01-01 05:30:00,1000,8,19,288,3.0,4.0,2.0,91.0,21.0,2.0,7.5,0.83,8.0,2.0,5.0,18.0,2.0,21.0,0.5,0.17,50.0,1.0,,150.0,1.0,1.0,,,182500.0,0.68,1.37,1.0173820120338672,[1.90293043],[10.56441291],113.16,350.77,231.96785894740728,2808,22685,157007,116.49262047972057,Linearly weighted distance
